
#objects containing the IDs of all samples in an SLX
SLX17383 = c("SCI/SIGAE3", "SCI/SIGAD3")
SLX17850 = c("SCI/SIGAB10","SCI/SIGAD10","SCI/SIGAE10","SCI/SIGAF10")
SLX17931 = c("SCI/SIGAF9", "SCI/SIGAG9.D1", "SCI/SIGAG11.D21", "SCI/SIGAH11")
SLX18703 = c("SCI/SIGAF5", "SCI/SIGAE5", "SCI/SIGAB11", "SCI/SIGAC11", "SCI/SIGAD11")
SLX17998 = c("SCI/SIGAG4", "SCI/SIGAG9.D3", "SCI/SIGAE11","SCI/SIGAF11") 
SLX18641 = c("SCI/SIGAB7", "SCI/SIGAA7")
SLX19290 = c("SCI/SIGAH2", "SCI/SIGAA1", "SCI/SIGAE3.D10", "SCI/SIGAF3.D10")

nn <- c("SLX17383", "SLX17850", "SLX17931", "SLX18703", "SLX17998", "SLX18641", "SLX19121", "SLX19290")

xx <- c(SLX17383, SLX17850, SLX17931, SLX18703, SLX17998, SLX18641, SLX19121, SLX19290)

dir <- "/Users/reganhamel/Dropbox (Cambridge University)/Lab/Regan/SCI scRNA-seq Project/Cell Ranger Data/"




